                                                             alpha_opt  cov00_opt  mean_l2_opt  mean_l2_mar  mean_l2_base  mean_l2_ols  mean_len_opt  mean_len_mar  mean_len_base  mean_len_ols  covg_opt  covg_mar  covg_base  covg_ols
tau                                                                                                                                                                                                                                     
1.0      [0.04439999908208847, 0.11209999769926071, 0.843500018119812]  4353.1987       0.3615       0.3252        0.3868       0.4053        1.5531        1.3148         1.6547        1.6670      0.94      0.88       0.90      0.89
2.0      [0.08879999816417694, 0.2249000072479248, 0.6863999962806702]  2189.3018       0.2277       0.2309        0.2790       0.2888        1.0259        0.8793         1.1378        1.1740      0.92      0.88       0.87      0.92
3.0       [0.1331000030040741, 0.3384000062942505, 0.5285999774932861]  1467.9114       0.1865       0.1656        0.2542       0.2710        0.8153        0.7065         0.9259        0.9636      0.93      0.90       0.90      0.90
4.0     [0.17739999294281006, 0.45249998569488525, 0.3700999915599823]  1107.1403       0.1602       0.1366        0.2211       0.2262        0.7003        0.5967         0.8019        0.8309      0.92      0.93       0.84      0.85
5.0        [0.2215999960899353, 0.5673999786376953, 0.210999995470047]   890.6127       0.1405       0.1268        0.1772       0.1809        0.6230        0.5386         0.7178        0.7461      0.90      0.93       0.92      0.93
6.0      [0.26589998602867126, 0.682699978351593, 0.05139999836683273]   746.2016       0.1282       0.1315        0.1528       0.1674        0.5671        0.5042         0.6569        0.6794      0.92      0.86       0.92      0.89
7.0   [0.31610000133514404, 0.6772000193595886, 0.0066999997943639755]   644.1318       0.1164       0.1115        0.1466       0.1466        0.5269        0.4721         0.6073        0.6284      0.95      0.90       0.89      0.92
8.0    [0.3686000108718872, 0.6274999976158142, 0.0038999998942017555]   570.7916       0.1143       0.1015        0.1288       0.1337        0.4975        0.4509         0.5708        0.5894      0.92      0.92       0.91      0.90
9.0     [0.4212000072002411, 0.5759000182151794, 0.002899999963119626]   515.7649       0.1153       0.1176        0.1371       0.1357        0.4744        0.4337         0.5394        0.5544      0.90      0.88       0.85      0.87
10.0   [0.47380000352859497, 0.5238999724388123, 0.002300000051036477]   472.9568       0.1069       0.1088        0.1175       0.1314        0.4561        0.4216         0.5130        0.5259      0.92      0.88       0.90      0.88
11.0   [0.5264000296592712, 0.4717000126838684, 0.0019000000320374966]   438.7038       0.1045       0.0960        0.1174       0.1189        0.4410        0.4108         0.4899        0.5018      0.89      0.89       0.88      0.87
12.0  [0.5789999961853027, 0.41940000653266907, 0.0015999999595806003]   410.6742       0.1009       0.1051        0.1152       0.1140        0.4284        0.4023         0.4706        0.4808      0.89      0.89       0.89      0.90