                                                                  alpha_opt  cov00_opt  max_M_spec_norm  mean_l2_opt  mean_l2_mar  mean_l2_base  mean_l2_ols  mean_len_opt  mean_len_mar  mean_len_base  mean_len_ols  covg_opt  covg_mar  covg_base  covg_ols
tau  c                                                                                                                                                                                                                                                        
10.0 20.0   [0.4999000132083893, 0.0017000000225380063, 0.4984000027179718]   126.5789           1.9450       0.3956       0.3993        0.4025       0.4377        0.7091        0.6832         0.7097        0.7893      0.98      0.93       0.96      0.96
10.5 20.0  [0.5249000191688538, 0.0015999999595806003, 0.47350001335144043]   122.0799           2.1021       0.3848       0.3513        0.3780       0.4377        0.6957        0.6691         0.6976        0.7721      0.99      0.96       0.98      0.94
11.0 20.0   [0.5498999953269958, 0.001500000013038516, 0.44859999418258667]   117.9899           2.0647       0.3805       0.3636        0.3713       0.4086        0.6839        0.6642         0.6834        0.7527      1.00      0.96       0.99      0.96
11.5 20.0     [0.5748999714851379, 0.00139999995008111, 0.4237000048160553]   114.2558           2.1025       0.3666       0.3667        0.3728       0.4225        0.6723        0.6533         0.6745        0.7379      1.00      1.00       0.96      0.99
12.0 20.0   [0.5999000072479248, 0.0013000000035390258, 0.3986999988555908]   110.8329           2.2093       0.3576       0.3422        0.3534       0.3928        0.6622        0.6431         0.6613        0.7218      1.00      0.98       0.95      0.98
12.5 20.0  [0.6248999834060669, 0.0012000000569969416, 0.37380000948905945]   107.6840           3.1922       0.3555       0.3197        0.3357       0.3611        0.6525        0.6342         0.6531        0.7066      0.99      0.97       0.97      0.97
13.0 20.0   [0.6499000191688538, 0.0010999999940395355, 0.3488999903202057]   104.7774           2.5553       0.3573       0.3221        0.3414       0.3878        0.6428        0.6283         0.6433        0.6938      1.00      0.98       0.97      0.96
13.5 20.0   [0.6748999953269958, 0.0010000000474974513, 0.3240000009536743]   102.0862           3.7975       0.3598       0.3449        0.3263       0.3578        0.6337        0.6191         0.6345        0.6809      0.99      0.98       0.99      0.98
14.0 20.0   [0.699999988079071, 0.0010000000474974513, 0.29910001158714294]    99.5872           2.5266       0.3547       0.3501        0.3309       0.3501        0.6253        0.6117         0.6264        0.6684      0.99      0.99       0.97      0.97
14.5 20.0   [0.7250000238418579, 0.0008999999845400453, 0.2741999924182892]    97.2607           3.5129       0.3447       0.3447        0.3302       0.3558        0.6180        0.6060         0.6199        0.6563      0.99      0.99       1.00      0.97
15.0 20.0                 [0.75, 0.0007999999797903001, 0.2493000030517578]    95.0892           2.7508       0.3360       0.3201        0.3117       0.3263        0.6109        0.5988         0.6112        0.6449      1.00      0.98       0.95      0.97
